MY_ACCOUNT_ID = 0.0.3472465
MY_PRIVATE_KEY = 1ae2d41f6f9f45b737eb631337b6f626ed407a75c56d90ebaf797e24a5de46eb
MY_PUBLIC_KEY = ed5376dfa14713a6ce9cbbabfc830ed154aa8b116bfbf0e03636e8b7ba08830c

ACCOUNT_1_ID = 0.0.4083060
ACCOUNT_1_PRIVATE_KEY = 315799e5177dd801ae05e1e67d006981c3f2a86063de5edd9a825e1e8853ead3
ACCOUNT_1_PUBLIC_KEY = 94e5a85be3a19901b3323b314108b5b11bf50d952fd28df01ffb8e16005e978c

ACCOUNT_2_ID = 0.0.4083063
ACCOUNT_2_PRIVATE_KEY = 152db436b00372cd19397292d1b4bfa1a6f67ca0f7cdc9e2b8383cddb797747d
ACCOUNT_2_PUBLIC_KEY = 820a536924b246fcc46a4e4e36dd349a479a5e8a2802f5d9cf13f4c146ee2e41

ACCOUNT_3_ID = 0.0.4083064
ACCOUNT_3_PRIVATE_KEY = b8308a220ef137f9e6325f9f3ae21e4b81ec42217ba2e9b50d36532d718ce807
ACCOUNT_3_PUBLIC_KEY = 7cdb5d8e919b66843c3ea4572f678c3d590bfe0cb047428065a247f34664d5b3

ACCOUNT_4_ID = 0.0.4083066
ACCOUNT_4_PRIVATE_KEY = 1ce7a2f7be5a36deb15dd3a76189c3c9469fd0b94f4a9e49a5da8f3cf1ff2372
ACCOUNT_4_PUBLIC_KEY = 752cc9221a76ca12468e4a63583b1f447ad8ee64828331b209c228a720b35916

ACCOUNT_5_ID = 0.0.4083069
ACCOUNT_5_PRIVATE_KEY = 927f5da9e5eaf3bde6bc0384b818ef59514dba48fd0680138e787b6ceb7b3fbd
ACCOUNT_5_PUBLIC_KEY = d32684e492707596c227c9bd59bcd34f687ffa9287750c3d3166cdc5f7ad18b4
